N_0 = 1e2;
N_end = 104857600;

T_PERIOD =

   0.006800000000000   0.005600000000000   0.003600000000000
   0.006400000000000   0.005400000000000   0.003200000000000
   0.006300000000000   0.005300000000000   0.003200000000000
   0.006300000000000   0.005250000000000   0.003150000000000
   0.006275000000000   0.005250000000000   0.003125000000000
   0.006250000000000   0.005225000000000   0.003112500000000
   0.006243750000000   0.005225000000000   0.003100000000000
   0.006240625000000   0.005221875000000   0.003096875000000
   0.006239062500000   0.005218750000000   0.003095312500000
   0.006239062500000   0.005217968750000   0.003095312500000
   0.006238281250000   0.005217578125000   0.003094531250000
   0.006238281250000   0.005217382812500   0.003094335937500
   0.006238085937500   0.005217285156250   0.003094238281250
   0.006238085937500   0.005217236328125   0.003094238281250
   0.006238061523438   0.005217211914063   0.003094213867188
   0.006238037109375   0.005217199707031   0.003094201660156
   0.006238037109375   0.005217199707031   0.003094189453125
   0.006238031005859   0.005217196655273   0.003094189453125
   0.006238031005859   0.005217193603516   0.003094186401367
   0.006238029479980   0.005217193603516   0.003094185638428
   
error =

   4.0000e-04   2.0000e-04   4.0000e-04
   1.0000e-04   1.0000e-04            0
            0   5.0000e-05   5.0000e-05
   2.5000e-05            0   2.5000e-05
   2.5000e-05   2.5000e-05   1.2500e-05
   6.2500e-06            0   1.2500e-05
   3.1250e-06   3.1250e-06   3.1250e-06
   1.5625e-06   3.1250e-06   1.5625e-06
            0   7.8125e-07            0
   7.8125e-07   3.9063e-07   7.8125e-07
            0   1.9531e-07   1.9531e-07
   1.9531e-07   9.7656e-08   9.7656e-08
            0   4.8828e-08            0
   2.4414e-08   2.4414e-08   2.4414e-08
   2.4414e-08   1.2207e-08   1.2207e-08
            0            0   1.2207e-08
   6.1035e-09   3.0518e-09            0
            0   3.0518e-09   3.0518e-09
   1.5259e-09            0   7.6294e-10


I_MAX =

   0.243286387928072   1.794565891207755  15.661771086499172
   0.243486174209206   1.794560161370063  16.330088596936633
   0.243486175690205   1.794559777068553  17.782714452923475
   0.243496677445138   1.794559752216643  17.780395983459186
   0.243496677447471   1.794615288016433  17.780233139003055
   0.243497830340077   1.794624503202134  17.780222246124293
   0.243497830340085   1.794629141812266  17.786150325980579
   0.243497830340085   1.794629141811869  17.786150283098163
   0.243497830340086   1.794629715839266  17.786150280388377
   0.243497832080055   1.794629715839277  17.786162501716039
   0.243497832440001   1.794629715839260  17.786183305575705
   0.243497832567510   1.794629715839255  17.786183305576234
   0.243497832580626   1.794629715839233  17.786183305576820
   0.243497832593289   1.794629715839333  17.786183648880094
   0.243497832593290   1.794629715839277  17.786183648877774
   0.243497832593722   1.794629715839351  17.786183648883458
   0.243497832593808   1.794629715845494  17.786183651964251
   0.243497832593844   1.794629715845733  17.786183652068146
   0.243497832593817   1.794629715846122  17.786183652424636
   0.243497832593832   1.794629715845953  17.786183652426846
   
error =

   1.9979e-04   5.7298e-06   6.6832e-01
   1.4810e-09   3.8430e-07   1.4526e+00
   1.0502e-05   2.4852e-08   2.3185e-03
   2.3333e-12   5.5536e-05   1.6284e-04
   1.1529e-06   9.2152e-06   1.0893e-05
   7.5495e-15   4.6386e-06   5.9281e-03
   2.2204e-16   3.9702e-13   4.2882e-08
   5.5511e-16   5.7403e-07   2.7098e-09
   1.7400e-09   1.1102e-14   1.2221e-05
   3.5995e-10   1.6431e-14   2.0804e-05
   1.2751e-10   5.7732e-15   5.2935e-13
   1.3116e-11   2.1538e-14   5.8620e-13
   1.2664e-11   1.0036e-13   3.4330e-07
   1.3878e-16   5.5955e-14   2.3199e-12
   4.3221e-13   7.3275e-14   5.6843e-12
   8.6403e-14   6.1431e-12   3.0808e-09
   3.6193e-14   2.3959e-13   1.0390e-10
   2.7728e-14   3.8813e-13   3.5649e-10
   1.5793e-14   1.6875e-13   2.2098e-12
